255.0, 
 9731190784.0, 
 9857745920.0, 
 9773370368.0, 
 9857746944.0, 
 9773372416.0, 
 9843682304.0, 
 9787432960.0, 
 9843685376.0, 
 9787432960.0, 
 9843685376.0, 
 9787432960.0, 
 9843685376.0, 
 9787432960.0, 
 9843684352.0, 
 9787432960.0, 
 9843682304.0, 
 9773369344.0, 
 9857745920.0, 
 9773371392.0, 
 9857747968.0, 
 9773372416.0, 
 9857743872.0, 
 9773371392.0, 
 9703058432.0, 
 9688995840.0, 

9688996864.0, 
 9703058432.0, 
 9688995840.0, 
 9703058432.0, 
 9688995840.0, 
 9703057408.0, 
 9688994816.0, 
 9703058432.0, 
 9688995840.0, 
 9703058432.0, 
 9688995840.0, 
 9688997888.0, 
 9703058432.0, 
 9688993792.0, 
 9703059456.0, 
 9688995840.0, 
 9703059456.0, 
 9688994816.0, 
 9703059456.0, 
 9688995840.0, 
 9703059456.0, 
 9688995840.0, 
 9688995840.0, 
 9703057408.0, 
 9688995840.0, 
 9703057408.0, 

9688996864.0, 
 9703058432.0, 
 9688994816.0, 
 9703060480.0, 
 9688993792.0, 
 9688996864.0, 
 9703058432.0, 
 9688995840.0, 
 9703056384.0, 
 9688995840.0, 
 9703058432.0, 
 9688995840.0, 
 9703058432.0, 
 9688996864.0, 
 9703058432.0, 
 9688995840.0, 
 9688993792.0, 
 9703059456.0, 
 9688995840.0, 
 9703056384.0, 
 9688997888.0, 
 9703057408.0, 
 9688997888.0, 
 9703057408.0, 
 9688997888.0, 
 9688995840.0, 

9703057408.0, 
 9688996864.0, 
 9703058432.0, 
 9688995840.0, 
 9703057408.0, 
 9688997888.0, 
 9703057408.0, 
 9688995840.0, 
 9703058432.0, 
 9688995840.0, 
 9688997888.0, 
 9703057408.0, 
 9688995840.0, 
 9703059456.0, 
 9688995840.0, 
 9703057408.0, 
 9688994816.0, 
 9703060480.0, 
 9688995840.0, 
 9688994816.0, 
 9703059456.0, 
 9688995840.0, 
 9703057408.0, 
 9688995840.0, 
 9703059456.0, 
 9688995840.0, 

9703059456.0, 
 9688995840.0, 
 9703058432.0, 
 9688993792.0, 
 9688997888.0, 
 9703058432.0, 
 9688993792.0, 
 9703059456.0, 
 9688994816.0, 
 9703058432.0, 
 9688996864.0, 
 9703057408.0, 
 9688996864.0, 
 9688994816.0, 
 9703059456.0, 
 9688994816.0, 
 9703058432.0, 
 9688995840.0, 
 9703060480.0, 
 9688995840.0, 
 9703057408.0, 
 9688995840.0, 
 9703058432.0, 
 9688997888.0, 
 9688994816.0, 
 9703057408.0, 

9688997888.0, 
 9703057408.0, 
 9688996864.0, 
 9703058432.0, 
 9688995840.0, 
 9703058432.0, 
 9688993792.0, 
 9703060480.0, 
 9688994816.0, 
 9688995840.0, 
 9703058432.0, 
 9688996864.0, 
 9703058432.0, 
 9688994816.0, 
 9703057408.0, 
 9688995840.0, 
 9703058432.0, 
 9688995840.0, 
 9688995840.0, 
 9703058432.0, 
 9688996864.0, 
 9703057408.0, 
 9688995840.0, 
 9703059456.0, 
 9688994816.0, 
 9703060480.0, 

9688994816.0, 
 9703057408.0, 
 9688995840.0, 
 9688997888.0, 
 9703058432.0, 
 9688995840.0, 
 9703057408.0, 
 9688995840.0, 
 9703060480.0, 
 9688995840.0, 
 9703057408.0, 
 9688996864.0, 
 9688995840.0, 
 9703057408.0, 
 9688996864.0, 
 9703057408.0, 
 9688996864.0, 
 9703058432.0, 
 9688995840.0, 
 9703057408.0, 
 9688995840.0, 
 9703058432.0, 
 9688996864.0, 
 9688995840.0, 
 9703057408.0, 
 9688997888.0, 

9703058432.0, 
 9688995840.0, 
 9703057408.0, 
 9688995840.0, 
 9703059456.0, 
 9688995840.0, 
 9688996864.0, 
 9703057408.0, 
 9688995840.0, 
 9703059456.0, 
 9688995840.0, 
 9703057408.0, 
 9688995840.0, 
 9703059456.0, 
 9688994816.0, 
 9703057408.0, 
 9688995840.0, 
 9688997888.0, 
 9703057408.0, 
 9688995840.0, 
 9703060480.0, 
 9688994816.0, 
 9703059456.0, 
 9688995840.0, 
 9703057408.0, 
 9688994816.0, 

9703058432.0, 
 9688995840.0, 
 9688995840.0, 
 9703058432.0, 
 9688995840.0, 
 9703058432.0, 
 9688995840.0, 
 9703058432.0, 
 9688996864.0, 
 9703058432.0, 
 9688995840.0, 
 9688995840.0, 
 9703057408.0, 
 9688994816.0, 
 9703060480.0, 
 9688995840.0, 
 9703058432.0, 
 9688994816.0, 
 9703060480.0, 
 9688994816.0, 
 9703059456.0, 
 9688995840.0, 
 9688994816.0, 
 9703060480.0, 
 9688995840.0, 
 9703057408.0, 

9688995840.0, 
 9703059456.0, 
 9688995840.0, 
 9703058432.0, 
 9688994816.0, 
 9688997888.0, 
 9703057408.0, 
 9688995840.0, 
 9703057408.0, 
 9688995840.0, 
 9703058432.0, 
 9688996864.0, 
 2619.0, 
 2761.0, 
 2383.0, 
 1673.0, 
 1728.0, 
 2625.0, 
 2827.0, 
 2497.0, 
 9829549056.0, 
 9843682304.0, 
 9787432960.0, 
 9843684352.0, 
 9787433984.0, 
 9843682304.0, 

9787432960.0, 
 9843684352.0, 
 9773370368.0, 
 9857745920.0, 
 9773372416.0, 
 9857746944.0, 
 9773370368.0, 
 9857744896.0, 
 9843684352.0, 
 9787432960.0, 
 9843683328.0, 
 2383.0, 
 2340.0, 
 1150.0, 
 883.0, 
 1625.0, 
 933.0, 
 1431.0, 
 1629.0, 
 1269.0, 
 733.0, 
 929.0, 
 1571.0, 
 1424.0, 
 1333.0, 
 2235.0, 

9829547008.0, 
 9843683328.0, 
 9773371392.0, 
 9857747968.0, 
 9773369344.0, 
 9857747968.0, 
 9773369344.0, 
 9857747968.0, 
 9773371392.0, 
 9857745920.0, 
 9773371392.0, 
 1936.0, 
 644.0, 
 330.0, 
 378.0, 
 356.0, 
 371.0, 
 323.0, 
 462.0, 
 514.0, 
 553.0, 
 483.0, 
 527.0, 
 449.0, 
 520.0, 
 448.0, 

9731110912.0, 
 9857745920.0, 
 9773372416.0, 
 9857744896.0, 
 9773372416.0, 
 9843682304.0, 
 9787436032.0, 
 9843682304.0, 
 9787432960.0, 
 9688995840.0, 
 9703059456.0, 
 9688995840.0, 
 820.0, 
 257.0, 
 249.0, 
 136.0, 
 120.0, 
 226.0, 
 134.0, 
 229.0, 
 213.0, 
 244.0, 
 229.0, 
 304.0, 
 171.0, 
 203.0, 

9702983680.0, 
 9688996864.0, 
 9703057408.0, 
 9688997888.0, 
 9703057408.0, 
 9688995840.0, 
 9688997888.0, 
 9703058432.0, 
 9688995840.0, 
 9703058432.0, 
 9688994816.0, 
 1862.0, 
 1019.0, 
 184.0, 
 110.0, 
 105.0, 
 64.0, 
 92.0, 
 132.0, 
 123.0, 
 147.0, 
 123.0, 
 133.0, 
 112.0, 
 75.0, 
 131.0, 

9843610624.0, 
 9773369344.0, 
 9857745920.0, 
 9773371392.0, 
 9703059456.0, 
 9688995840.0, 
 9688995840.0, 
 9703058432.0, 
 9688994816.0, 
 9703059456.0, 
 9688993792.0, 
 9703059456.0, 
 1140.0, 
 318.0, 
 92.0, 
 63.0, 
 45.0, 
 75.0, 
 46.0, 
 51.0, 
 76.0, 
 85.0, 
 90.0, 
 81.0, 
 99.0, 
 135.0, 

9688921088.0, 
 9703058432.0, 
 9688995840.0, 
 9703059456.0, 
 9688994816.0, 
 9703060480.0, 
 9688994816.0, 
 9688995840.0, 
 9703057408.0, 
 9688995840.0, 
 9703057408.0, 
 9688996864.0, 
 901.0, 
 352.0, 
 99.0, 
 34.0, 
 29.0, 
 31.0, 
 42.0, 
 35.0, 
 98.0, 
 105.0, 
 142.0, 
 131.0, 
 181.0, 
 204.0, 

9702986752.0, 
 9688995840.0, 
 9703057408.0, 
 9688995840.0, 
 9703059456.0, 
 9688995840.0, 
 9703058432.0, 
 9688994816.0, 
 9703059456.0, 
 9688995840.0, 
 9688994816.0, 
 9703058432.0, 
 1661.0, 
 262.0, 
 82.0, 
 58.0, 
 23.0, 
 27.0, 
 68.0, 
 93.0, 
 121.0, 
 180.0, 
 177.0, 
 192.0, 
 342.0, 
 404.0, 

9688922112.0, 
 9703059456.0, 
 9688995840.0, 
 9703058432.0, 
 9688995840.0, 
 9703058432.0, 
 9688994816.0, 
 9703059456.0, 
 9688995840.0, 
 9703058432.0, 
 9688994816.0, 
 9688995840.0, 
 9703058432.0, 
 551.0, 
 143.0, 
 50.0, 
 57.0, 
 69.0, 
 62.0, 
 155.0, 
 127.0, 
 306.0, 
 354.0, 
 665.0, 
 840.0, 
 1286.0, 

9702986752.0, 
 9688994816.0, 
 9703058432.0, 
 9688996864.0, 
 9688994816.0, 
 9703058432.0, 
 9688995840.0, 
 9703058432.0, 
 9688997888.0, 
 9703057408.0, 
 9688995840.0, 
 9703057408.0, 
 9688994816.0, 
 704.0, 
 126.0, 
 62.0, 
 77.0, 
 76.0, 
 105.0, 
 133.0, 
 331.0, 
 438.0, 
 1014.0, 
 1496.0, 
 2534.0, 
 9660798976.0, 

9688996864.0, 
 9703057408.0, 
 9688995840.0, 
 9703059456.0, 
 9688996864.0, 
 9703057408.0, 
 9688995840.0, 
 9688994816.0, 
 9703058432.0, 
 9688996864.0, 
 9703057408.0, 
 9688996864.0, 
 9703057408.0, 
 1087.0, 
 223.0, 
 87.0, 
 90.0, 
 116.0, 
 215.0, 
 320.0, 
 590.0, 
 1174.0, 
 1982.0, 
 9731110912.0, 
 9857745920.0, 
 9773372416.0, 

9857743872.0, 
 9773372416.0, 
 9843684352.0, 
 9787432960.0, 
 9843683328.0, 
 9857745920.0, 
 9773371392.0, 
 9857747968.0, 
 9773369344.0, 
 9857747968.0, 
 9773370368.0, 
 9843682304.0, 
 9787433984.0, 
 1512.0, 
 482.0, 
 311.0, 
 310.0, 
 513.0, 
 1093.0, 
 2077.0, 
 2768.0, 
 9815484416.0, 
 9787433984.0, 
 9688995840.0, 
 9688995840.0, 
 9703059456.0, 

9688995840.0, 
 9703057408.0, 
 9688995840.0, 
 9703058432.0, 
 9688995840.0, 
 9703058432.0, 
 9688995840.0, 
 9703058432.0, 
 9688996864.0, 
 9688995840.0, 
 9703057408.0, 
 9688995840.0, 
 9703058432.0, 
 9688994816.0, 
 1833.0, 
 759.0, 
 754.0, 
 1447.0, 
 2580.0, 
 9731109888.0, 
 9857745920.0, 
 9773370368.0, 
 9857745920.0, 
 9773371392.0, 
 9843682304.0, 
 9787432960.0, 

9843683328.0, 
 9787432960.0, 
 9688995840.0, 
 9703058432.0, 
 9688995840.0, 
 9703058432.0, 
 9688995840.0, 
 9703058432.0, 
 9688995840.0, 
 9688997888.0, 
 9703057408.0, 
 9688997888.0, 
 9703057408.0, 
 9688997888.0, 
 9703058432.0, 
 2173.0, 
 2888.0, 
 9829549056.0, 
 9843684352.0, 
 9787432960.0, 
 9843682304.0, 
 9787431936.0, 
 9843684352.0, 
 9787433984.0, 
 9843682304.0, 
 9787432960.0, 

9843683328.0, 
 9773371392.0, 
 9703059456.0, 
 9688995840.0, 
 9703056384.0, 
 9688995840.0, 
 9703058432.0, 
 9688995840.0, 
 9703058432.0, 
 9688996864.0, 
 9688995840.0, 
 9703058432.0, 
 9688995840.0, 
 9703057408.0, 
 9688995840.0, 
 9703059456.0, 
 9688994816.0, 
 9703059456.0, 
 9688996864.0, 
 9703057408.0, 
 9688995840.0, 
 9688995840.0, 
 9703059456.0, 
 9688994816.0, 
 9703058432.0, 
 9688995840.0, 

9703060480.0, 
 9688994816.0, 
 9703057408.0, 
 9688995840.0, 
 9688995840.0, 
 9703058432.0, 
 9688995840.0, 
 9703060480.0, 
 9688994816.0, 
 9703057408.0, 
 9688995840.0, 
 9703058432.0, 
 9688995840.0, 
 9703059456.0, 
 9688995840.0, 
 9688994816.0, 
 9703058432.0, 
 9688997888.0, 
 9703057408.0, 
 9688995840.0, 
 9703058432.0, 
 9688995840.0, 
 9703059456.0, 
 9688995840.0, 
 9703057408.0, 
 9688996864.0, 

9688994816.0, 
 9703060480.0, 
 9688994816.0, 
 9703058432.0, 
 9688995840.0, 
 9703060480.0, 
 9688994816.0, 
 9703058432.0, 
 9688996864.0, 
 9688995840.0, 
 9703058432.0, 
 9688997888.0, 
 9703057408.0, 
 9688995840.0, 
 9703057408.0, 
 9688995840.0, 
 9703057408.0, 
 9688995840.0, 
 9703058432.0, 
 9688995840.0, 
 9688996864.0, 
 9703058432.0, 
 9688994816.0, 
 9703058432.0, 
 9688997888.0, 
 9703057408.0, 

